,2004,2005,2006,2007,2008,2009,2010,2011,2012,2013,2014,2015,2016,2017,2018
E85,47643,72899,221834,385671,524169,642520,403981,479706,197187,259337,275508,271996,457817,327865,263967
HEVs,10674,18553,43886,81987,101954,107585,30613,50503,141406,83339,82834,94330,129827,178011,178733
Biodiesel,31922,52275,91584,98785,17222,2814,88726,99347,103106,98028,130540,189823,160763,150695,153380
CNG,76257,49271,57458,55021,51121,44317,42911,48157,59521,79616,68479,107283,98388,97271,82266
Propane,31338,21117,25543,23628,22260,7937,13196,18793,16501,35554,17404,22762,23648,34753,25395
LNG,0,1873,2271,1731,2053,2038,3410,4315,3411,3645,2992,3974,4924,5070,5100
Hydrogen,23,42,72,86,75,74,62,118,50,46,49,95,97,116,402
PEVs,9241,7464,9481,5895,14135,4568,9223,10541,20455,32187,65042,96896,171011,162811,227854
RNG,0,0,0,0,0,0,0,0,0,0,313,366,1157,1734,1677
Renewable diesel,0,0,0,0,0,0,0,0,0,0,0,3183,71066,7819,11174
